.Random.seed <-
c(403L, 511L, -1815809793L, -348664674L, 1952679331L, -1460215877L, 
-586742311L, 750936979L, 495567354L, -1884249470L, 1074080775L, 
-213616462L, -551451293L, -303137974L, 779956534L, -2054436059L, 
-326930089L, 1951986483L, -1011218914L, -1519212611L, 1937417946L, 
1676259681L, 739226280L, -2080217935L, -1780187021L, -1098574301L, 
2087062541L, 2018954502L, 1549976197L, -225524880L, -1103580999L, 
-121047571L, -446347788L, 222945448L, -371399502L, -3955434L, 
498953764L, 691876916L, 217835158L, 1147939630L, -1599672930L, 
-1571012479L, -223088228L, -619793571L, -1201318174L, 1088713781L, 
-1240883981L, 1974881640L, 1082510712L, -1764942047L, -1690464301L, 
2014977848L, 594173169L, 2111773865L, -862973698L, -1380210905L, 
1995146206L, -606941614L, -873345547L, 681044669L, 1843315602L, 
-633547L, -741671682L, 1400093054L, -597740685L, -399855349L, 
-1493617507L, 1725392567L, -481638413L, -670878603L, -1694078592L, 
1210664240L, 248291841L, -77574971L, -1248116395L, 1681096230L, 
-1671629665L, 1580338391L, -556200740L, -959936260L, 1172746188L, 
-465636992L, -2141241171L, 690716559L, -2059724227L, 412000907L, 
128847675L, 1540498830L, -1553842753L, -1491090864L, 1546711741L, 
-1521637545L, -1459281546L, -459514679L, 1733852985L, 312602522L, 
-1449265934L, 276874175L, -998111469L, -1366029165L, 1802068353L, 
103500738L, 966496499L, -1819752086L, 1151250551L, 1689991647L, 
-1661105139L, 1927164213L, -1406705677L, -1392637472L, 486448177L, 
-1046317742L, -2071284639L, -1920057169L, 897872264L, 1452956129L, 
1100282092L, 443185014L, -1658166661L, -1077071258L, 764814159L, 
973259201L, -2057254741L, 1822450858L, 1710981464L, 380092495L, 
667927972L, -1661150607L, 83329913L, -2040646331L, 1294873255L, 
-1904767794L, -17928053L, -518619911L, -21887917L, -1403957168L, 
1562434309L, 2010999610L, -547891186L, 707806947L, -903042400L, 
-1661734000L, -2090309271L, 1328015940L, 587613048L, -1875145497L, 
132392867L, -778860504L, 900965970L, -1038636790L, 1672385337L, 
-1459012179L, 305957035L, 804989547L, -1698796307L, -581453015L, 
330518501L, -775493782L, -1580050227L, 570843095L, 56798643L, 
-63903013L, 1183431243L, 1422109727L, -2049318874L, -707313843L, 
-886218918L, -608573581L, 1926305519L, 767330471L, 2126463356L, 
-1388886965L, -808957819L, 1153689762L, -987325423L, -1633370886L, 
-630138628L, -158277301L, 873847126L, 131182596L, 636189826L, 
-770291951L, -55103855L, 31084868L, 118068417L, 1192374092L, 
-931638233L, -1922797418L, 646832093L, -1410852643L, -828400142L, 
845696878L, 717316179L, -928550688L, -763622539L, 220954318L, 
-1864310982L, 828964502L, -74883870L, 426812457L, 554838986L, 
1658504207L, 156665823L, 1647723395L, -2031912132L, 1166695595L, 
-1631572491L, 1589948440L, -482405846L, 1816226786L, -354669211L, 
1052607714L, -763014179L, 1628794256L, 366339786L, 1267580999L, 
1545679769L, 404433649L, 1171032805L, 1076295318L, -1936600865L, 
160008132L, -239907439L, 11096147L, -526763216L, -726087068L, 
1098387006L, -1747583577L, -1198647650L, -24114396L, -1618444753L, 
-870072638L, 1136841526L, 1778882290L, -903661220L, 456888994L, 
2001573186L, -1536299024L, -2111671742L, -1703373559L, 606775586L, 
84737428L, 136850789L, -11931982L, -1487535038L, -269624436L, 
-1542034123L, 1940109523L, -1929766295L, 1839429424L, 666886240L, 
-37391057L, 1589349119L, 1303368301L, 1498226889L, 1697123977L, 
-1710135501L, -611173766L, -1969096305L, 1626418950L, 1861943449L, 
-1218092090L, -19115152L, 990734642L, 1668930490L, -1359157351L, 
-1255256776L, 93842710L, 943542011L, 760833989L, -468429175L, 
-298536811L, -1897051377L, 972846639L, 1499096747L, 1586631682L, 
-555833825L, -650192580L, 873386600L, -2121341011L, -797077958L, 
-434037301L, -236030872L, -506908041L, -1695542168L, 326780820L, 
-1211296145L, 1857755187L, -1458636943L, -865025223L, -755191301L, 
-240437309L, 1220047224L, 1509710284L, -1338022139L, 1103391995L, 
197550208L, 1921834084L, -83116262L, 2132155888L, 1826139493L, 
1481461659L, -1243032633L, 1711552026L, -855686197L, 2007209177L, 
159899721L, -1562534175L, 1316178022L, -674035191L, 370579002L, 
-1020287805L, 183231788L, 1217182565L, 1558931383L, -1495267446L, 
1142744515L, 442335598L, 800933167L, -660421487L, -1149313696L, 
1940266342L, -1115889893L, 2098151833L, -1296967708L, -842114123L, 
-255293631L, 1975140067L, 1811036066L, -296185028L, 437508106L, 
1623710562L, -461613117L, 488805907L, -1431183717L, 780634784L, 
-1434074870L, -697171686L, -708701415L, -931643621L, 1360181926L, 
-1607172695L, -1929961270L, 621115921L, -2085460269L, -1152795616L, 
961716739L, -973964333L, -999685337L, 1633303524L, 1955545365L, 
-1368985712L, -161921993L, 154882600L, 2109522503L, -457418186L, 
294820106L, -695243467L, 848062249L, -2029274911L, 219986449L, 
-964764729L, 2069277685L, -1817036843L, 653660109L, -1827125178L, 
-579323831L, 1026062245L, -1294531502L, -581443482L, -724114380L, 
1197340777L, 752777971L, 516658671L, -1799267962L, 1649461120L, 
2071620862L, 1086535949L, -1328805843L, 418371908L, -768415826L, 
-722390587L, -919395972L, -576983327L, 708918785L, 1093421406L, 
-1024583705L, -553289461L, 1385607230L, -424086670L, -1172790055L, 
2024781005L, -127409433L, -932167392L, -1084284799L, -1800092644L, 
443428808L, -1139578465L, -739029749L, 749110230L, 346745551L, 
2125334063L, -275824899L, 821357721L, 682078014L, 1397459554L, 
467647647L, -1320435119L, 417941094L, 2104767433L, -1697121315L, 
1236965951L, 816721043L, -1900814689L, -224380056L, -869595347L, 
-533071053L, 1132695075L, 1383432283L, 847297643L, -1519069209L, 
-1741790824L, -1679184989L, 1393535987L, 772491850L, -647221475L, 
561547649L, -1758048501L, -81579940L, 1380690322L, -1254725000L, 
137697575L, -966632668L, -1700331736L, 283355227L, -985627674L, 
-1144016323L, 884825473L, 1454819653L, -786602079L, -1465552524L, 
-1359536915L, -1102523208L, 1610254481L, 1086099784L, 140850297L, 
412459287L, -864591514L, 33536262L, 1266628486L, 62789136L, 1195439837L, 
-470751101L, -1132569611L, -1531681481L, -356044587L, 1575982792L, 
-1330220414L, 464767689L, -623871559L, -1917976618L, -2045765704L, 
1219125213L, -500068351L, -146434881L, 331521487L, 1590319658L, 
1167315425L, 1230599907L, -1007324546L, 583491761L, 414509889L, 
-1552084057L, 2139777523L, 1547966927L, -924663701L, -1053593519L, 
-580573614L, -1843812118L, 1329193281L, 85614865L, -634667313L, 
1229460478L, 1746250319L, -1631952540L, 322655230L, -1290228568L, 
1430785072L, -160459098L, 1468992383L, 2098266279L, -420265564L, 
-1448914123L, -1136496165L, 385989783L, -356585195L, 1988816905L, 
1906580034L, -1374655810L, 2023990926L, 286174745L, -850182953L, 
268191078L, -1363876821L, 192432363L, 1869348800L, 729521843L, 
-1730176659L, 402838239L, 1114134914L, 406238019L, 1346859131L, 
1852595709L, -1854204172L, 722142497L, 687119847L, -706530818L, 
135347842L, -1132265500L, 2109692040L, -1498271805L, 1483530986L, 
-393357902L, 475173828L, -121273492L, 1600808253L, -1443205127L, 
969221491L, -1543574846L, 616563943L, -1698130422L, -383120748L, 
-1698268586L, -618410350L, -1136312070L, -136491639L, -548616883L, 
-366409644L, -61406856L, -233387183L, 959895183L, -1757200441L, 
1626068885L, 232452704L, -1301520872L, -211178706L, -1048343946L, 
1921282121L, -253823083L, 1897239053L, -1843803326L, 859263684L, 
423283163L, 1020259935L, 693718368L, -1011830455L, -456372718L, 
-931797963L, 1910706062L, 867592043L, 677426215L, -325532474L, 
1161493901L, -1675232803L, 1508925672L, 124949779L, 1385068900L, 
1730435949L, -1994587999L, 1113168219L, 311234796L, -603248957L, 
1863724732L, 744105929L, -289072740L, -1377460095L, 1764950745L, 
-1540123359L, -1054287651L, 1557787875L, -92795317L, 916080463L, 
-1881517762L, -2114712645L, 1876544852L, 1787944448L, 1152623265L, 
-1548105665L, -2128557443L, 2104356822L, 864703372L, 853845498L, 
-2084273024L, 895126386L, 1336238360L, -261717613L, 599657718L, 
